0 0.278320 0.015625 0.029297 0.031250
0 0.335938 0.081055 0.042969 0.060547
0 0.363281 0.143066 0.031250 0.053711
0 0.425293 0.220215 0.047852 0.061523
0 0.455566 0.279297 0.014648 0.042969
0 0.493164 0.304688 0.019531 0.031250
0 0.520508 0.357910 0.052734 0.065430
0 0.583984 0.434570 0.031250 0.056641
0 0.615723 0.494629 0.038086 0.059570
0 0.681641 0.568359 0.056641 0.060547
0 0.704590 0.625000 0.026367 0.041016
0 0.748047 0.648438 0.021484 0.035156
0 0.773926 0.707520 0.049805 0.063477
0 0.837891 0.787109 0.031250 0.042969
0 0.867676 0.844238 0.038086 0.051758
0 0.934082 0.917480 0.047852 0.063477
0 0.996094 0.993652 0.007812 0.012695
